2061 8841 10119 6882 4694.51 12804.9 17286.5 14267.5 10713 5483.03 
1897 8472 9512 33820.5 42860 42095.5 36165.5 27687 18613 10899 
1086 8663 41868 60989 59762.5 52466 48272.5 32181.5 24245.9 17241 
1482 7626.02 49270 60011.5 59750 56466 48634 44609.5 27412.5 11518.5 
7094.01 12227 3893.99 37341 48194 46188 41638.5 33567 23408.5 6789.49 
1968.95 6659.53 3879.93 9489.05 33419 38056.5 34166 23638.5 14822.5 12870 
579.5 5589.01 16316 26411 32697 36080 25351.5 11175 10369.5 7736 
229.5 7002.5 23589 28147 33261 36512 18027.5 11538.6 1369.09 7366 
207.501 1449 10110 24538 30957.5 35774 35274 9074.51 7457.96 9389 
181 789 2126 10324.5 19902 30285 35942.5 39888 1527.84 363.042 
95.9998 998.001 6918 12425 15082 22297 45499 50203 49855 12160 
102.5 2853 10606.5 14838 19712 28042.5 34677 55192.5 61960.5 57277.5 
254.997 2135.5 6065.99 15569 27744.5 29902 32219 44264 62881.5 57846 
517.503 549 2449 8899.51 17745.5 20127 21624 28255.5 33146 13874 
418.501 684.406 1413.07 416.705 548.688 6436.48 12959 19375 21067.5 2439.47 
244.499 559.562 1702.21 4765.57 4902.01 315.206 13906.1 37665.5 39248 18754 
443.5 551.525 4709.99 9212.49 9085.98 1489.23 30289 41080 38619 27827 
609.503 3939 6288 8592.01 3174.61 36739.5 46808.5 46096 32206.5 11969.5 
137 3298 4281.5 115.471 29605 47190 47801 35154 23884 8369.99 
92.9999 1104 3797.5 24172.5 32214 41065.5 40323.5 32791.5 27881 18532.5 
417 1982 4689 22998.5 29250 25269 24802.5 31273 29397 20798 
1006 6963 8672.49 8530 19403.5 16686 14700 23453 26969 12502.5 
