winLevel(200,200,215,230): media=57.5178, sigma=7.50087
winLevel(200,200,215,230): media=57.5667, sigma=5.54547
winLevel(200,200,215,230): media=59.6556, sigma=6.29737
Dilato...
Erosiono...
aplico canny...
# contornos encontrados=10
perimetro:783.505
area:-17953
apLevel=1
total lados encontrados:68
perimetro aprox:749.495
area aprox:18000
apLevel=2
total lados encontrados:28
perimetro aprox:733.099
area aprox:17858.5
apLevel=3
total lados encontrados:19
perimetro aprox:728.564
area aprox:17820
apLevel=4
total lados encontrados:17
perimetro aprox:726.578
area aprox:17613
apLevel=5
total lados encontrados:12
perimetro aprox:721.21
area aprox:17804
apLevel=6
total lados encontrados:11
perimetro aprox:720.949
area aprox:18327
CONDICION cumplida!
area:-18327
apLevel=7
total lados encontrados:11
perimetro aprox:720.949
area aprox:18327
CONDICION cumplida!
area:-18327
apLevel=8
total lados encontrados:11
perimetro aprox:720.949
area aprox:18327
CONDICION cumplida!
area:-18327
apLevel=9
total lados encontrados:11
perimetro aprox:720.949
area aprox:18327
CONDICION cumplida!
area:-18327
drawPolys, j=0
drawPolys, j=1
drawPolys, j=2
drawPolys, j=3
poly #0


i:0, (374,180)
327.999 1729 2050 8629 
5.27136 6.25003 26.3081 0.189704 1.18566 4.99075 0.159999 0.843415 4.20927 0.0380112 0.200371 0.237571 
i:1, (366,156)
284 1857 14994 14240 
6.53873 52.7958 50.1409 0.152935 8.07431 7.66828 0.0189409 0.12385 0.949714 0.0199438 0.130407 1.05295 
i:2, (342,155)
318.5 3268 12746 13902 
10.2606 40.0188 43.6483 0.0974602 3.90025 4.25398 0.0249882 0.256394 1.09069 0.0229104 0.235074 0.916847 
i:3, (329,181)
2866.5 2060.5 1154.5 1488 
0.718821 0.402756 0.5191 1.39117 0.560301 0.722155 2.48289 1.78475 1.28887 1.92641 1.38474 0.775874 
i:4, (110,178)
4939.5 6936 10941 12184 
1.40419 2.215 2.46665 0.712154 1.57742 1.75663 0.451467 0.633945 1.11361 0.405409 0.569271 0.897982 
i:5, (102,223)
416 7180 13768 15241 
17.2596 33.0962 36.637 0.0579387 1.91755 2.1227 0.030215 0.521499 1.10699 0.0272948 0.471098 0.903353 
i:6, (118,237)
1385 6232 10567.5 12165 
4.49964 7.62996 8.7834 0.22224 1.69568 1.95202 0.131062 0.589733 1.15117 0.113851 0.51229 0.86868 
i:7, (325,245)
2758.5 2892.5 681.038 1438 
1.04858 0.246887 0.521297 0.953672 0.235449 0.497147 4.05044 4.2472 2.11148 1.91829 2.01148 0.473601 
i:8, (334,272)
288 2699.5 11652 14496 
9.37326 40.4583 50.3333 0.106686 4.31636 5.36988 0.0247168 0.231677 1.24408 0.0198675 0.186224 0.803808 
i:9, (356,274)
246 1718 14227 14756 
6.98374 57.8333 59.9837 0.14319 8.28115 8.58906 0.0172911 0.120756 1.03718 0.0166712 0.116427 0.96415 
i:10, (371,253)
516 1842 2138 8772 
3.56977 4.14341 17 0.28013 1.16069 4.76221 0.241347 0.861553 4.1029 0.0588235 0.209986 0.24373 
i:11, (374,180)
327.999 1729 2050 8629 
5.27136 6.25003 26.3081 0.189704 1.18566 4.99075 0.159999 0.843415 4.20927 0.0380112 0.200371 0.237571 
i:12, (366,156)
284 1857 14994 14240 
6.53873 52.7958 50.1409 0.152935 8.07431 7.66828 0.0189409 0.12385 0.949714 0.0199438 0.130407 1.05295 
i:13, (342,155)
318.5 3268 12746 13902 
10.2606 40.0188 43.6483 0.0974602 3.90025 4.25398 0.0249882 0.256394 1.09069 0.0229104 0.235074 0.916847 
i:14, (329,181)
2866.5 2060.5 1154.5 1488 
0.718821 0.402756 0.5191 1.39117 0.560301 0.722155 2.48289 1.78475 1.28887 1.92641 1.38474 0.775874 
i:15, (110,178)
4939.5 6936 10941 12184 
1.40419 2.215 2.46665 0.712154 1.57742 1.75663 0.451467 0.633945 1.11361 0.405409 0.569271 0.897982 
i:16, (102,223)
416 7180 13768 15241 
17.2596 33.0962 36.637 0.0579387 1.91755 2.1227 0.030215 0.521499 1.10699 0.0272948 0.471098 0.903353 
i:17, (118,237)
1385 6232 10567.5 12165 
4.49964 7.62996 8.7834 0.22224 1.69568 1.95202 0.131062 0.589733 1.15117 0.113851 0.51229 0.86868 
i:18, (325,245)
2758.5 2892.5 681.038 1438 
1.04858 0.246887 0.521297 0.953672 0.235449 0.497147 4.05044 4.2472 2.11148 1.91829 2.01148 0.473601 
i:19, (334,272)
288 2699.5 11652 14496 
9.37326 40.4583 50.3333 0.106686 4.31636 5.36988 0.0247168 0.231677 1.24408 0.0198675 0.186224 0.803808 
i:20, (356,274)
246 1718 14227 14756 
6.98374 57.8333 59.9837 0.14319 8.28115 8.58906 0.0172911 0.120756 1.03718 0.0166712 0.116427 0.96415 
i:21, (371,253)
516 1842 2138 8772 
3.56977 4.14341 17 0.28013 1.16069 4.76221 0.241347 0.861553 4.1029 0.0588235 0.209986 0.24373 
i:22, (374,180)
327.999 1729 2050 8629 
5.27136 6.25003 26.3081 0.189704 1.18566 4.99075 0.159999 0.843415 4.20927 0.0380112 0.200371 0.237571 
i:23, (366,156)
284 1857 14994 14240 
6.53873 52.7958 50.1409 0.152935 8.07431 7.66828 0.0189409 0.12385 0.949714 0.0199438 0.130407 1.05295 
i:24, (342,155)
318.5 3268 12746 13902 
10.2606 40.0188 43.6483 0.0974602 3.90025 4.25398 0.0249882 0.256394 1.09069 0.0229104 0.235074 0.916847 
i:25, (329,181)
2866.5 2060.5 1154.5 1488 
0.718821 0.402756 0.5191 1.39117 0.560301 0.722155 2.48289 1.78475 1.28887 1.92641 1.38474 0.775874 
i:26, (110,178)
4939.5 6936 10941 12184 
1.40419 2.215 2.46665 0.712154 1.57742 1.75663 0.451467 0.633945 1.11361 0.405409 0.569271 0.897982 
i:27, (102,223)
416 7180 13768 15241 
17.2596 33.0962 36.637 0.0579387 1.91755 2.1227 0.030215 0.521499 1.10699 0.0272948 0.471098 0.903353 
i:28, (118,237)
1385 6232 10567.5 12165 
4.49964 7.62996 8.7834 0.22224 1.69568 1.95202 0.131062 0.589733 1.15117 0.113851 0.51229 0.86868 
i:29, (325,245)
2758.5 2892.5 681.038 1438 
1.04858 0.246887 0.521297 0.953672 0.235449 0.497147 4.05044 4.2472 2.11148 1.91829 2.01148 0.473601 
i:30, (334,272)
288 2699.5 11652 14496 
9.37326 40.4583 50.3333 0.106686 4.31636 5.36988 0.0247168 0.231677 1.24408 0.0198675 0.186224 0.803808 
i:31, (356,274)
246 1718 14227 14756 
6.98374 57.8333 59.9837 0.14319 8.28115 8.58906 0.0172911 0.120756 1.03718 0.0166712 0.116427 0.96415 
i:32, (371,253)
516 1842 2138 8772 
3.56977 4.14341 17 0.28013 1.16069 4.76221 0.241347 0.861553 4.1029 0.0588235 0.209986 0.24373 
i:33, (374,180)
327.999 1729 2050 8629 
5.27136 6.25003 26.3081 0.189704 1.18566 4.99075 0.159999 0.843415 4.20927 0.0380112 0.200371 0.237571 
i:34, (366,156)
284 1857 14994 14240 
6.53873 52.7958 50.1409 0.152935 8.07431 7.66828 0.0189409 0.12385 0.949714 0.0199438 0.130407 1.05295 
i:35, (342,155)
318.5 3268 12746 13902 
10.2606 40.0188 43.6483 0.0974602 3.90025 4.25398 0.0249882 0.256394 1.09069 0.0229104 0.235074 0.916847 
i:36, (329,181)
2866.5 2060.5 1154.5 1488 
0.718821 0.402756 0.5191 1.39117 0.560301 0.722155 2.48289 1.78475 1.28887 1.92641 1.38474 0.775874 
i:37, (110,178)
4939.5 6936 10941 12184 
1.40419 2.215 2.46665 0.712154 1.57742 1.75663 0.451467 0.633945 1.11361 0.405409 0.569271 0.897982 
i:38, (102,223)
416 7180 13768 15241 
17.2596 33.0962 36.637 0.0579387 1.91755 2.1227 0.030215 0.521499 1.10699 0.0272948 0.471098 0.903353 
i:39, (118,237)
1385 6232 10567.5 12165 
4.49964 7.62996 8.7834 0.22224 1.69568 1.95202 0.131062 0.589733 1.15117 0.113851 0.51229 0.86868 
i:40, (325,245)
2758.5 2892.5 681.038 1438 
1.04858 0.246887 0.521297 0.953672 0.235449 0.497147 4.05044 4.2472 2.11148 1.91829 2.01148 0.473601 
i:41, (334,272)
288 2699.5 11652 14496 
9.37326 40.4583 50.3333 0.106686 4.31636 5.36988 0.0247168 0.231677 1.24408 0.0198675 0.186224 0.803808 
i:42, (356,274)
246 1718 14227 14756 
6.98374 57.8333 59.9837 0.14319 8.28115 8.58906 0.0172911 0.120756 1.03718 0.0166712 0.116427 0.96415 
i:43, (371,253)
516 1842 2138 8772 
3.56977 4.14341 17 0.28013 1.16069 4.76221 0.241347 0.861553 4.1029 0.0588235 0.209986 0.24373 
mayor=59
poly #1


mayor=0
poly #2


mayor=0
poly #3


mayor=0
