5207 12489 11390 13296 13762 12886 
5371 11202.5 12110 11532 13894 12535.5 
971.499 1056 4953.5 5916 9450.5 8080 
96.5 1608 4074 9690 8026 6075 
187 227 5617 17049 10132 7021 
314 172.998 2177.5 9714 13762 3334.5 
344 2647 2763 4203 13894 11276 
2551 3301 6021.5 8335 9450.5 15755 
741 1269.5 6137.5 7771 8026 11917.5 
133.5 2757.5 4878 5434 10132 14197 
555 242.5 3780.5 8052.5 13762 12131 
405 61.0026 330.499 11517.5 13894 4120 
47 462.5 3268 7214 9450.5 3960 
230 361 7000 7539 8026 9262 
1262 3845 4168 9537.5 10132 9141.5 
5207 12489 11390 13296 13762 12886 
5371 11202.5 12110 11532 13894 12535.5 
971.499 1056 4953.5 5916 9450.5 8080 
96.5 1608 4074 9690 8026 6075 
187 227 5617 17049 10132 7021 
314 172.998 2177.5 9714 13762 3334.5 
344 2647 2763 4203 13894 11276 
2551 3301 6021.5 8335 9450.5 15755 
741 1269.5 6137.5 7771 8026 11917.5 
133.5 2757.5 4878 5434 10132 14197 
555 242.5 3780.5 8052.5 13762 12131 
405 61.0026 330.499 11517.5 13894 4120 
47 462.5 3268 7214 9450.5 3960 
230 361 7000 7539 8026 9262 
1262 3845 4168 9537.5 10132 9141.5 
poly #1

